
1 17.2
2 17.6
3 17.5
4 17.6
5 17.5
6 17.2
7 17.4
8 17.1
9 17.5
10 17.5
11 17.6
12 17.4
13 17.6
14 17.3
15 17.0
16 17.3
17 17.0
18 17.2
19 17.4
20 17.6
21 17.3
22 17.1
23 17.4
24 17.5
25 17.5
26 17.4
27 17.4
28 17.1
29 17.4
30 17.0
31 17.1
32 17.4
33 17.3
34 17.4
35 17.3
36 17.5
37 17.5
38 17.0
39 17.7
40 17.3
41 17.6
42 17.5
43 17.7
44 17.1
45 17.1
46 17.3
47 17.1
48 17.0
49 16.9
50 17.2
51 17.2
52 17.0
53 17.2
54 17.1
55 17.4
56 16.9
57 17.4
58 17.4
59 17.4
60 17.6
61 17.4
62 17.3
63 17.3
64 17.3
65 17.4
66 17.4
67 17.0
68 17.0
69 17.4
70 17.3
71 17.4
72 17.6
73 17.5
74 17.2
75 17.0
76 17.0
77 17.2
78 17.3
79 16.9
80 17.0
81 16.9
82 17.1
83 17.5
84 17.5
85 17.4
86 17.3
87 17.2
88 17.5
89 17.4
90 17.4
91 17.1
92 17.6
93 17.7
94 17.4
95 17.3
96 17.4
97 17.4
98 17.0
99 17.0
100 17.0
101 17.0
102 17.6
103 17.4
104 17.4
105 17.1
106 17.5
107 17.4
108 17.1
109 17.5
110 17.3
111 17.0
112 17.0
113 16.9
114 16.9
115 17.2
116 17.2
117 17.3
118 17.1
119 17.5
120 17.3
121 17.1
122 17.3
123 17.2
124 17.3
125 17.2
126 17.5
127 17.3
128 16.9
129 17.2
130 17.4
131 17.2
132 17.4
133 17.1
134 17.3
135 17.0
136 17.1
137 17.1
138 17.3
139 17.1
140 17.5
141 17.5
142 17.5
143 17.4
144 17.4
145 17.2
146 17.4
147 17.4
148 17.4
149 17.0
150 17.1
151 17.5
152 17.5
153 17.5
154 17.4
155 17.5
156 17.5
157 17.7
158 17.3
159 17.6
160 17.3
161 17.1
162 16.8
163 17.1
164 17.1
165 17.4
166 17.5
167 17.4
168 17.5
169 17.4
170 16.9
171 17.0
172 17.2
173 17.4
174 17.7
175 17.2
176 17.2
177 17.4
178 17.1
179 17.3
180 17.2
181 17.3
182 17.3
183 17.0
184 17.1
185 17.0
186 17.2
187 17.3
188 17.4
189 17.3
190 17.4
191 17.4
192 17.2
193 17.4
194 17.5
195 17.5
196 17.6
197 17.7
198 17.1
199 17.4
200 16.8
201 17.4
202 17.5
203 17.3
204 17.4
205 17.1
206 17.0
207 17.0
208 17.5
209 17.6
210 17.2
211 17.2
212 17.5
213 17.5
214 17.3
215 17.3
216 17.3
217 17.3
218 17.5
219 17.8
220 17.1
221 17.1
222 17.4
223 17.6
224 17.4
225 17.1
226 17.5
227 17.5
228 17.4
229 17.3
230 17.2
231 17.5
232 17.5
233 17.4
234 17.5
235 17.3
236 17.1
237 17.3
238 17.7
239 17.1
240 17.5
241 17.6
242 17.4
243 17.6
244 17.4
245 17.5
246 17.1
247 17.3
248 17.3
249 17.3
250 17.5
251 17.0
252 17.0
253 17.5
254 17.3
255 17.2
256 17.4
257 17.0
258 17.5
259 17.4
260 17.3
261 17.5
262 17.3
263 17.5
264 17.4
265 17.1
266 17.0
267 17.0
268 16.9
269 17.1
270 17.1
271 17.4
272 17.0
273 17.2
274 17.2
275 17.5
276 17.5
277 17.6
278 17.2
279 17.1
280 17.4
281 17.0
282 17.0
283 17.4
284 17.3
285 17.7
286 17.1
287 17.5
288 17.6
289 17.3
290 17.0
291 17.0
292 17.0
293 17.3
294 17.0
295 17.2
296 17.3
297 17.3
298 17.4
299 17.4
300 17.3
301 17.5
302 17.5
303 17.3
304 17.6
305 17.3
306 17.5
307 17.6
308 17.4
309 17.4
310 17.5
311 17.7
312 17.4
313 17.4
314 17.3
315 17.0
316 17.3
317 17.4
318 17.5
319 17.3
320 17.5
321 17.4
322 17.4
323 17.1
324 17.1
325 17.2
326 17.0
327 17.5
328 17.3
329 17.3
330 17.6
331 17.2
332 17.5
333 17.3
334 17.1
335 17.1
336 17.4
337 17.6
338 17.5
339 17.4
340 17.6
341 17.4
342 17.6
343 17.4
344 17.4
345 17.1
346 17.3
347 16.9
348 17.2
349 17.4
350 17.0
351 16.8
352 17.3
353 17.4
354 17.4
355 17.0
356 17.0
357 17.0
358 17.0
359 16.8
360 17.1
361 17.2
362 17.5
363 17.5
364 17.3
365 17.2
366 17.7
367 17.3
368 17.4
369 17.1
370 17.7
371 17.2
372 17.6
373 17.4
374 17.4
375 17.5
376 17.4
377 16.9
378 17.4
379 17.4
380 17.3
381 17.5
382 17.0
383 17.6
384 17.5
385 17.1
386 17.1
387 16.9
388 17.3
389 17.5
390 17.2
391 17.1
392 17.4
393 17.0
394 17.0
395 17.0
396 17.4
397 17.1
398 17.4
399 17.1
400 17.6
401 17.3
402 17.5
403 17.5
404 17.4
405 17.0
406 17.4
407 17.2
408 17.3
409 17.3
410 17.5
411 17.4
412 16.9
413 17.1
414 17.2
415 17.1
416 17.2
417 17.3
418 17.0
419 17.4
420 17.2
421 17.3
422 16.9
423 17.1
424 17.5
425 17.3
426 17.1
427 17.4
428 17.0
429 17.1
430 17.3
431 17.2
432 17.2
433 16.9
434 17.1
435 17.2
436 17.3
437 17.2
438 17.7
439 17.4
440 17.5
441 17.4
442 17.2
443 17.1
444 17.0
445 16.9
446 17.2
447 17.4
448 17.7
449 17.2
450 17.1
451 17.5
452 17.3
453 17.2
454 17.3
455 16.9
456 17.1
457 16.9
458 17.2
459 17.1
460 17.5
461 17.4
462 17.3
463 17.2
464 17.1
465 17.0
466 16.9
467 17.2
468 17.5
469 17.4
470 17.3
471 17.1
472 16.9
473 17.2
474 17.1
475 17.2
476 17.4
477 17.5
478 17.4
479 16.8
480 17.3
481 17.6
482 17.5
483 17.3
484 17.2
485 17.4
486 17.6
487 17.1
488 17.1
489 17.3
490 17.1
491 16.9
492 17.0
493 17.0
494 16.8
495 17.3
496 17.3
497 17.6
498 17.5
499 17.6
500 17.5
501 17.5
502 17.4
503 17.5
504 17.2
505 17.2
506 17.4
507 17.4
508 17.1
509 17.4
510 17.4
511 17.1
512 17.3
513 17.3
514 17.3
515 17.5
516 17.6
517 17.4
518 17.4
519 17.7
520 17.2
521 16.9
522 17.4
523 17.3
524 17.4
525 17.6
526 17.3
527 17.0
528 17.0
529 16.8
530 17.2
531 17.6
532 17.4
533 17.4
534 17.3
535 17.4
536 17.4
537 17.5
538 17.4
539 17.5
540 17.5
541 17.4
542 17.0
543 17.5
544 17.5
545 17.6
546 17.3
547 17.3
548 17.1
549 17.6
550 17.4
551 17.4
552 17.8
553 17.0
554 17.0
555 17.1
556 17.5
557 17.4
558 17.5
559 17.3
560 17.0
561 17.5
562 17.5
563 17.5
564 17.5
565 17.5
566 17.5
567 16.9
568 17.2
569 17.5
570 17.6
571 17.5
572 17.6
573 17.2
574 17.0
575 17.5
576 17.5
577 17.4
578 17.1
579 17.5
580 17.5
581 17.0
582 17.1
583 17.3
584 17.3
585 17.3
586 17.5
587 17.5
588 17.3
589 17.1
590 17.4
591 17.6
592 17.1
593 17.3
594 17.7
595 17.5
596 17.6
597 17.0
598 17.2
599 17.6
600 17.5
601 17.3
602 17.5
603 17.4
604 17.4
605 17.3
606 17.5
607 17.6
608 17.6
609 17.3
610 17.4
611 17.4
612 16.9
613 17.0
614 17.0
615 17.0
616 17.1
617 17.5
618 17.6
619 17.2
620 17.1
621 17.6
622 17.5
623 17.5
624 17.2
625 17.2
626 17.2
627 17.3
628 17.5
629 17.4
630 17.3
631 17.3
632 17.5
633 17.5
634 17.6
635 17.3
636 17.6
637 17.5
638 17.4
639 17.3
640 17.2
641 17.6
642 17.5
643 17.4
644 17.3
645 17.2
646 17.7
647 17.3
648 17.2
649 17.3
650 17.3
651 17.7
652 17.3
653 17.4
654 17.1
655 17.5
656 17.6
657 17.4
658 17.3
659 17.1
660 17.5
661 17.5
662 17.4
663 17.0
664 17.5
665 17.5
666 17.6
667 17.5
668 17.5
669 17.5
670 17.3
671 17.4
672 17.4
673 17.2
674 16.9
675 17.2
676 17.6
677 17.4
678 17.4
679 17.1
680 17.4
681 17.6
682 17.6
683 17.3
684 17.5
685 17.1
686 17.0
687 17.2
688 16.9
689 16.9
690 17.1
691 17.5
692 17.4
693 17.5
694 17.2
695 17.4
696 17.4
697 17.6
698 17.6
699 17.3
700 17.3
701 17.1
702 17.4
703 17.0
704 17.0
705 17.3
706 17.1
707 17.3
708 17.4
709 17.3
710 17.1
711 17.0
712 17.3
713 16.9
714 17.0
715 17.2
716 17.4
717 17.5
718 17.7
719 17.2
720 17.3
721 17.3
722 17.6
723 17.4
724 17.4
725 17.1
726 17.6
727 17.4
728 17.4
729 17.4
730 17.5
731 17.3
732 17.2
733 17.4
734 17.3
735 17.1
736 17.4
737 17.5
738 17.5
739 17.7
740 17.3
741 17.6
742 17.4
743 17.4
744 17.5
745 17.5
746 17.5
747 17.5
748 17.5
749 17.5
750 17.4
751 17.5
752 17.4
753 17.3
754 17.1
755 17.3
756 17.2
757 17.3
758 17.1
759 17.6
760 17.5
761 17.3
762 17.5
763 17.5
764 17.3
765 17.1
766 17.7
767 17.3
768 17.5
769 17.5
770 17.6
771 17.5
772 17.5
773 17.4
774 16.9
775 17.2
776 17.2
777 17.1
778 17.1
779 17.6
780 17.4
781 17.2
782 17.5
783 17.6
784 17.3
785 17.6
786 17.3
787 17.5
788 17.5
789 17.6
790 17.3
791 17.0
792 17.4
793 17.1
794 17.4
795 17.4
796 16.9
797 17.4
798 17.4
799 17.5
800 17.5
801 17.3
802 17.0
803 17.1
804 17.3
805 17.3
806 17.2
807 17.1
808 17.7
809 17.4
810 17.4
811 17.2
812 17.4
813 16.9
814 17.2
815 17.3
816 17.0
817 17.0
818 17.1
819 17.4
820 17.2
821 17.3
822 17.6
823 17.5
824 17.5
825 17.4
826 17.4
827 17.2
828 17.4
829 17.4
830 17.6
831 17.4
832 17.3
833 17.2
834 17.3
835 17.3
836 17.3
837 16.9
838 17.0
839 16.9
840 17.1
841 17.6
842 17.5
843 17.5
844 17.5
845 17.4
846 17.6
847 17.3
848 16.9
849 17.0
850 17.2
851 17.3
852 17.0
853 16.8
854 16.9
855 17.3
856 17.3
857 17.0
858 17.0
859 17.7
860 17.3
861 17.4
862 17.6
863 17.5
864 17.6
865 17.6
866 17.4
867 17.6
868 17.4
869 17.3
870 17.6
871 17.5
872 17.6
873 17.3
874 17.2
875 17.5
876 17.4
877 17.4
878 17.3
879 17.3
880 17.4
881 17.5
882 17.5
883 17.2
884 17.1
885 17.0
886 17.6
887 17.5
888 17.3
889 16.9
890 17.1
891 17.2
892 17.3
893 17.2
894 17.1
895 17.2
896 17.3
897 17.0
898 16.9
899 17.0
900 16.9
901 17.1
902 17.1
903 17.2
904 17.4
905 17.4
906 17.4
907 16.8
908 17.3
909 17.3
910 17.4
911 17.0
912 17.1
913 17.3
914 17.1
915 17.5
916 17.4
917 17.0
918 17.4
919 17.5
920 17.5
921 17.4
922 17.4
923 16.9
924 17.0
925 17.0
926 17.0
927 17.2
928 17.4
929 17.4
930 17.0
931 17.0
932 16.8
933 17.0
934 17.1
935 17.1
936 17.1
937 17.6
938 17.4
939 17.4
940 17.4
941 17.3
942 17.1
943 17.1
944 17.6
945 17.5
946 17.5
947 17.2
948 17.2
949 17.3
950 17.2
951 17.4
952 16.9
953 16.9
954 17.0
955 16.9
956 17.1
957 16.8
958 17.2
959 17.2
960 17.6
961 17.4
962 17.5
963 17.4
964 17.7
965 17.3
966 17.4
967 17.5
968 17.4
969 17.0
970 17.5
971 17.4
972 17.3
973 17.5
974 17.4
975 17.6
976 17.5
977 17.4
978 17.6
979 17.2
980 17.2
981 17.4
982 17.5
983 17.7
984 17.4
985 17.6
986 17.5
987 17.4
988 17.4
989 17.5
990 17.5
991 17.0
992 17.5
993 17.5
994 17.4
995 17.5
996 17.4
997 16.9
998 17.1
999 17.6
1000 17.4
1001 17.4
1002 17.0
1003 17.1
1004 17.2
1005 17.2
1006 17.4
1007 17.7
1008 17.4
1009 17.5
1010 17.4
1011 17.6
1012 17.5
1013 17.5
1014 17.6
1015 17.3
1016 17.1
1017 17.5
1018 17.4
1019 17.1
1020 17.4
1021 17.1
1022 17.4
1023 17.6
1024 17.5
1025 17.4
1026 17.4
1027 17.6
1028 17.6
1029 17.5
1030 17.3
1031 17.4
1032 17.4
1033 16.9
1034 17.1
1035 16.9
1036 17.0
1037 17.4
1038 16.9
1039 17.3
1040 17.4
1041 17.4
1042 17.6
1043 17.3
1044 17.7
1045 17.5
1046 17.4
1047 17.4
1048 17.5
1049 17.4
1050 17.2
1051 17.6
1052 17.2
1053 17.4
1054 17.4
1055 17.5
1056 17.4
1057 17.4
1058 16.9
