1036
1048
1056
1052
1041
1039
1036
1048
1039
1026
1057
1044
1021
1029
1052
1050
1042
1027
1049
1021
1019
1022
1033
1038
1030
1051
1062
1030
1024
1027
1013
1031
1043
1025
1033
1037
1026
1038
1042
1048
1042
1033
1050
1043
1024
1014
1017
1034
1047
1024
1058
1041
1023
1032
1049
1053
1049
1042
1032
1046
1026
1054
1049
1058
1048
1051
1048
1059
1060
1030
1023
1034
1057
1035
1023
1030
1061
1044
1058
1040
1046
1028
1047
1023
1030
1041
1022
1020
1028
1047
1013
1030
1026
1025
1056
1038
1022
1036
1046
1030
1043
1054
1045
1024
1057
1056
1048
1067
1031
1015
1029
1050
1047
1024
1020
1018
1028
1043
1026
1026
1049
1054
1050
1020
1017
1044
1038
1044
1047
1029
1047
1054
1049
1018
1025
1023
1019
1022
1022
1019
