1036
1043
1033
1046
1060
1040
1064
1047
1043
1028
1053
1043
1051
1051
1068
1027
1024
1034
1040
1041
1046
1049
1049
1048
1029
1049
1048
1054
1046
1037
1051
1033
1040
1047
1044
1028
1049
1064
1037
1026
1035
1051
1048
1043
1030
1036
1037
1048
1044
1021
1031
1048
1050
1054
1055
1038
1019
1035
1042
1038
1042
1058
1043
1050
1061
1041
1016
1031
1047
1020
1027
1037
1030
1036
1044
1016
1024
1021
1027
1047
1025
1045
1029
1055
1059
1037
1036
1050
1050
1046
1016
1027
1024
1022
1015
1025
1030
1037
1021
1038
1047
1055
1046
1015
1031
1058
1035
1029
1055
1045
1022
1025
1052
1051
1048
1021
1023
1057
1049
1059
1037
1019
1028
1022
1020
1032
1053
1050
1056
1037
1026
1029
1064
1037
1057
1050
1052
1042
1024
1063
1043
1062
1037
1023
1051
1054
1047
1048
1013
1040
1043
1047
1024
1033
1033
1044
1049
1061
1039
1020
1026
1039
1045
1031
1032
1070
1035
1049
1055
1045
1031
1058
1044
1049
1045
1033
1044
1048
1028
1058
1036
1035
1048
1041
1014
1032
1011
1039
1048
1049
1057
1038
1024
1024
1029
1042
1022
1018
1017
1039
1049
1048
1050
1029
1041
1022
1035
1029
1030
1037
1041
1041
1042
1044
1054
1040
1024
1026
1011
1032
1051
1027
1058
1041
1056
1044
1033
1050
1039
1029
1044
1018
1035
1048
1053
1046
1027
1057
1042
1013
1028
1017
1024
1017
1026
1033
1040
1026
1038
1023
1049
1031
1032
1047
1060
1042
1046
1026
1052
1042
1026
1020
1019
1027
1026
1059
1040
1029
1040
1039
1048
1053
1055
1050
1046
1058
1055
1042
1027
1045
1024
1025
1055
1053
1060
1041
1048
1038
1045
1044
1055
1045
1020
1015
1028
1022
1026
1045
1036
1042
1023
1051
1023
1049
1025
1056
1048
1057
1037
1034
1069
1034
1047
1020
1016
1025
1023
1026
1048
